11215.9237032
2979.74960387
2979.74960387
2979.74960387
2979.74960387
2979.74960387
2779.18913703
2779.18913703
2779.18913703
2779.18913703
2779.18913703
2222.06476926
1584.96086386
1584.96086386
1584.96086386
1502.58657081
1502.58657081
1502.58657081
1502.58657081
1293.85579085
1293.85579085
860.981141189
860.981141189
860.981141189
860.981141189
860.981141189
860.981141189
860.981141189
860.981141189
860.981141189
860.981141189
860.981141189
860.981141189
860.981141189
860.981141189
860.981141189
860.981141189
794.614271682
794.614271682
794.614271682
794.614271682
794.614271682
794.614271682
794.614271682
794.614271682
794.614271682
794.614271682
794.614271682
794.614271682
794.614271682
794.614271682
794.614271682
794.614271682
794.614271682
794.614271682
794.614271682
794.614271682
794.614271682
794.614271682
728.413954472
728.413954472
728.413954472
728.413954472
728.413954472
728.413954472
728.413954472
728.413954472
728.413954472
728.413954472
728.413954472
728.413954472
728.413954472
728.413954472
728.413954472
728.413954472
728.413954472
728.413954472
728.413954472
728.413954472
728.413954472
728.413954472
728.413954472
728.413954472
728.413954472
728.413954472
728.413954472
728.413954472
728.413954472
728.413954472
628.64150288
628.64150288
628.64150288
628.64150288
628.64150288
628.64150288
628.64150288
628.64150288
628.64150288
628.64150288
602.121284791
602.121284791
602.121284791
602.121284791
602.121284791
602.121284791
602.121284791
602.121284791
602.121284791
602.121284791
602.121284791
602.121284791
602.121284791
602.121284791
602.121284791
602.121284791
602.121284791
602.121284791
602.121284791
602.121284791
602.121284791
602.121284791
602.121284791
602.121284791
602.121284791
602.121284791
602.121284791
602.121284791
602.121284791
602.121284791
602.121284791
602.121284791
602.121284791
602.121284791
602.121284791
602.121284791
602.121284791
602.121284791
602.121284791
602.121284791
602.121284791
602.121284791
602.121284791
602.121284791
602.121284791
602.121284791
602.121284791
602.121284791
602.121284791
602.121284791
602.121284791
602.121284791
602.121284791
602.121284791
602.121284791
602.121284791
602.121284791
602.121284791
602.121284791
602.121284791
602.121284791
536.873852647
536.873852647
536.873852647
536.873852647
536.873852647
536.873852647
536.873852647
536.873852647
536.873852647
536.873852647
536.873852647
536.873852647
536.873852647
536.873852647
536.873852647
536.873852647
536.873852647
536.873852647
536.873852647
536.873852647
536.873852647
536.873852647
536.873852647
536.873852647
536.873852647
536.873852647
536.873852647
536.873852647
536.873852647
536.873852647
536.873852647
536.873852647
536.873852647
536.873852647
536.873852647
536.873852647
536.873852647
536.873852647
536.873852647
536.873852647
536.873852647
536.873852647
536.873852647
536.873852647
536.873852647
536.873852647
536.873852647
536.873852647
536.873852647
536.873852647
536.873852647
536.873852647
536.873852647
536.873852647
536.873852647
536.873852647
536.873852647
536.873852647
536.873852647
536.873852647
536.873852647
530.39845473
530.39845473
530.39845473
530.39845473
530.39845473
530.39845473
530.39845473
530.39845473
530.39845473
530.39845473
530.39845473
530.39845473
530.39845473
530.39845473
530.39845473
530.39845473
530.39845473
530.39845473
530.39845473
530.39845473
530.39845473
530.39845473
530.39845473
530.39845473
530.39845473
530.39845473
530.39845473
530.39845473
530.39845473
530.39845473
530.39845473
530.39845473
530.39845473
530.39845473
530.39845473
530.39845473
530.39845473
530.39845473
530.39845473
530.39845473
530.39845473
530.39845473
530.39845473
530.39845473
530.39845473
530.39845473
530.39845473
530.39845473
530.39845473
530.39845473
530.39845473
530.39845473
530.39845473
530.39845473
530.39845473
530.39845473
530.39845473
530.39845473
530.39845473
530.39845473
530.39845473
530.39845473
530.39845473
530.39845473
530.39845473
530.39845473
530.39845473
530.39845473
530.39845473
530.39845473
530.39845473
530.39845473
530.39845473
530.39845473
530.39845473
530.39845473
530.39845473
530.39845473
530.39845473
530.39845473
530.39845473
530.39845473
530.39845473
530.39845473
530.39845473
530.39845473
530.39845473
530.39845473
530.39845473
530.39845473
530.39845473
530.39845473
530.39845473
530.39845473
530.39845473
530.39845473
470.009118218
470.009118218
470.009118218
470.009118218
470.009118218
470.009118218
470.009118218
470.009118218
470.009118218
470.009118218
470.009118218
470.009118218
470.009118218
470.009118218
470.009118218
470.009118218
470.009118218
470.009118218
470.009118218
470.009118218
470.009118218
470.009118218
470.009118218
470.009118218
470.009118218
470.009118218
470.009118218
470.009118218
470.009118218
470.009118218
470.009118218
470.009118218
470.009118218
470.009118218
470.009118218
470.009118218
470.009118218
470.009118218
470.009118218
470.009118218
470.009118218
470.009118218
470.009118218
470.009118218
470.009118218
470.009118218
470.009118218
470.009118218
470.009118218
470.009118218
470.009118218
470.009118218
470.009118218
459.271393457
459.271393457
459.271393457
459.271393457
459.271393457
459.271393457
459.271393457
459.271393457
459.271393457
459.271393457
459.271393457
459.271393457
459.271393457
459.271393457
459.271393457
459.271393457
459.271393457
459.271393457
459.271393457
459.271393457
459.271393457
459.271393457
459.271393457
459.271393457
459.271393457
459.271393457
459.271393457
459.271393457
459.271393457
459.271393457
459.271393457
459.271393457
459.271393457
459.271393457
459.271393457
459.271393457
459.271393457
459.271393457
459.271393457
459.271393457
459.271393457
459.271393457
459.271393457
459.271393457
459.271393457
459.271393457
459.271393457
459.271393457
459.271393457
459.271393457
459.271393457
459.271393457
459.271393457
459.271393457
459.271393457
459.271393457
459.271393457
459.271393457
459.271393457
459.271393457
459.271393457
459.271393457
459.271393457
459.271393457
459.271393457
459.271393457
459.271393457
459.271393457
459.271393457
459.271393457
459.271393457
459.271393457
459.271393457
459.271393457
459.271393457
459.271393457
459.271393457
459.271393457
459.271393457
459.271393457
459.271393457
459.271393457
459.271393457
459.271393457
459.271393457
459.271393457
459.271393457
459.271393457
459.271393457
459.271393457
459.271393457
459.271393457
459.271393457
459.271393457
459.271393457
459.271393457
459.271393457
459.271393457
459.271393457
459.271393457
459.271393457
459.271393457
459.271393457
459.271393457
459.271393457
459.271393457
459.271393457
459.271393457
459.271393457
459.271393457
459.271393457
459.271393457
459.271393457
459.271393457
459.271393457
459.271393457
459.271393457
459.271393457
459.271393457
459.271393457
459.271393457
459.271393457
459.271393457
459.271393457
459.271393457
459.271393457
459.271393457
459.271393457
459.271393457
459.271393457
445.293865857
445.293865857
445.293865857
445.293865857
445.293865857
445.293865857
445.293865857
445.293865857
445.293865857
445.293865857
445.293865857
445.293865857
445.293865857
445.293865857
445.293865857
445.293865857
445.293865857
445.293865857
445.293865857
445.293865857
445.293865857
445.293865857
445.293865857
445.293865857
445.293865857
445.293865857
445.293865857
445.293865857
445.293865857
445.293865857
445.293865857
445.293865857
445.293865857
445.293865857
445.293865857
445.293865857
445.293865857
445.293865857
445.293865857
445.293865857
445.293865857
445.293865857
445.293865857
445.293865857
445.293865857
445.293865857
445.293865857
445.293865857
445.293865857
445.293865857
445.293865857
445.293865857
445.293865857
445.293865857
445.293865857
445.293865857
445.293865857
445.293865857
445.293865857
445.293865857
445.293865857
445.293865857
445.293865857
445.293865857
445.293865857
445.293865857
445.293865857
445.293865857
445.293865857
445.293865857
445.293865857
445.293865857
445.293865857
445.293865857
445.293865857
445.293865857
445.293865857
445.293865857
445.293865857
445.293865857
445.293865857
445.293865857
445.293865857
445.293865857
445.293865857
445.293865857
445.293865857
445.293865857
445.293865857
445.293865857
445.293865857
445.293865857
445.293865857
445.293865857
445.293865857
445.293865857
445.293865857
445.293865857
445.293865857
445.293865857
439.134218818
439.134218818
439.134218818
439.134218818
439.134218818
439.134218818
439.134218818
439.134218818
439.134218818
439.134218818
439.134218818
439.134218818
439.134218818
439.134218818
439.134218818
439.134218818
439.134218818
439.134218818
439.134218818
439.134218818
439.134218818
439.134218818
439.134218818
439.134218818
439.134218818
439.134218818
439.134218818
439.134218818
439.134218818
439.134218818
439.134218818
439.134218818
439.134218818
439.134218818
439.134218818
439.134218818
439.134218818
439.134218818
439.134218818
439.134218818
439.134218818
439.134218818
439.134218818
439.134218818
439.134218818
439.134218818
439.134218818
439.134218818
439.134218818
439.134218818
439.134218818
439.134218818
439.134218818
439.134218818
439.134218818
439.134218818
439.134218818
439.134218818
439.134218818
439.134218818
439.134218818
439.134218818
439.134218818
439.134218818
439.134218818
439.134218818
439.134218818
439.134218818
439.134218818
439.134218818
439.134218818
439.134218818
439.134218818
439.134218818
439.134218818
439.134218818
439.134218818
439.134218818
439.134218818
439.134218818
439.134218818
439.134218818
439.134218818
439.134218818
439.134218818
439.134218818
439.134218818
439.134218818
439.134218818
439.134218818
439.134218818
439.134218818
439.134218818
439.134218818
439.134218818
439.134218818
439.134218818
439.134218818
425.119843406
425.119843406
425.119843406
425.119843406
425.119843406
425.119843406
425.119843406
425.119843406
425.119843406
425.119843406
425.119843406
425.119843406
425.119843406
425.119843406
425.119843406
425.119843406
425.119843406
425.119843406
425.119843406
425.119843406
425.119843406
425.119843406
425.119843406
425.119843406
425.119843406
425.119843406
425.119843406
425.119843406
425.119843406
426.508842987
426.508842987
426.508842987
423.43557801
423.43557801
423.43557801
423.43557801
423.43557801
423.43557801
423.43557801
423.43557801
423.43557801
423.43557801
423.43557801
423.43557801
423.43557801
423.43557801
423.43557801
423.43557801
423.43557801
423.43557801
423.43557801
423.43557801
423.43557801
423.43557801
423.43557801
423.43557801
423.43557801
423.43557801
423.43557801
423.43557801
423.43557801
423.43557801
423.43557801
423.43557801
423.43557801
423.43557801
423.43557801
423.43557801
423.43557801
423.43557801
423.43557801
423.43557801
423.43557801
423.43557801
423.43557801
423.43557801
423.43557801
423.43557801
423.43557801
423.43557801
423.43557801
423.43557801
423.43557801
423.43557801
423.43557801
423.43557801
423.43557801
423.43557801
423.43557801
423.43557801
423.43557801
423.43557801
423.43557801
423.43557801
423.43557801
423.43557801
423.43557801
423.43557801
423.43557801
423.43557801
423.43557801
423.43557801
423.43557801
423.43557801
423.43557801
423.43557801
423.43557801
423.43557801
423.43557801
423.43557801
423.43557801
423.43557801
423.43557801
423.43557801
423.43557801
423.43557801
423.43557801
423.43557801
423.43557801
423.43557801
423.43557801
423.43557801
423.43557801
423.43557801
423.43557801
423.43557801
423.43557801
423.43557801
423.43557801
423.43557801
423.43557801
423.43557801
423.43557801
423.43557801
423.43557801
423.43557801
423.43557801
423.43557801
423.43557801
423.43557801
423.43557801
423.43557801
423.43557801
423.43557801
423.43557801
423.43557801
423.43557801
423.43557801
423.43557801
423.43557801
423.43557801
423.43557801
423.43557801
423.43557801
423.43557801
423.43557801
423.43557801
423.43557801
423.43557801
423.43557801
423.43557801
423.43557801
423.43557801
423.43557801
423.43557801
423.43557801
423.43557801
423.43557801
423.43557801
423.43557801
423.43557801
423.43557801
423.43557801
423.43557801
423.43557801
423.43557801
423.43557801
423.43557801
423.43557801
423.43557801
423.43557801
423.43557801
423.43557801
423.43557801
423.43557801
423.43557801
423.43557801
423.43557801
423.43557801
423.43557801
423.43557801
423.43557801
423.43557801
423.43557801
423.43557801
423.43557801
423.43557801
423.43557801
423.43557801
423.43557801
423.43557801
423.43557801
423.43557801
423.43557801
423.43557801
423.43557801
423.43557801
423.43557801
423.43557801
423.43557801
423.43557801
423.43557801
423.43557801
423.43557801
423.43557801
423.43557801
423.43557801
423.43557801
423.43557801
423.43557801
423.43557801
423.43557801
423.43557801
423.43557801
423.43557801
423.43557801
423.43557801
423.43557801
423.43557801
423.43557801
423.43557801
423.43557801
423.43557801
423.43557801
423.43557801
423.43557801
423.43557801
423.43557801
423.43557801
423.43557801
423.43557801
423.43557801
423.43557801
423.43557801
423.43557801
423.43557801
423.43557801
423.43557801
423.43557801
423.43557801
423.43557801
423.43557801
423.43557801
423.43557801
423.43557801
423.43557801
423.43557801
423.43557801
423.43557801
423.43557801
423.43557801
423.43557801
423.43557801
423.43557801
423.43557801
423.43557801
423.43557801
423.43557801
423.43557801
423.43557801
423.43557801
423.43557801
423.43557801
423.43557801
423.43557801
423.43557801
423.43557801
423.43557801
423.43557801
423.43557801
423.43557801
423.43557801
423.43557801
423.43557801
423.43557801
423.43557801
423.43557801
423.43557801
423.43557801
423.43557801
423.43557801
423.43557801
423.43557801
423.43557801
423.43557801
423.43557801
423.43557801
423.43557801
423.43557801
423.43557801
423.43557801
423.43557801
