10.000000 10.000000 10.000000 10.000000 149869.017518
10.000000 10.000000 10.000000 10.000000 149869.017518
9.999211 10.097506 9.747696 10.010697 149858.870920
10.068211 10.192734 9.650887 10.055089 149853.310358
10.041940 10.345686 9.708367 10.089073 149836.074405
10.017295 10.436412 9.623277 10.024533 149814.370303
10.017295 10.436412 9.623277 10.024533 149814.370303
10.155863 10.473910 9.729591 10.031293 149810.936338
10.155863 10.473910 9.729591 10.031293 149810.936338
10.094523 10.594436 9.700042 9.949848 149783.449088
10.094523 10.594436 9.700042 9.949848 149783.449088
10.003766 10.532933 9.631505 9.784324 149767.154211
10.003766 10.532933 9.631505 9.784324 149767.154211
10.036137 10.529180 9.805261 9.649604 149749.604664
10.036137 10.529180 9.805261 9.649604 149749.604664
9.907262 10.406375 9.668119 9.463257 149736.983964
9.753692 10.410006 9.727725 9.375925 149723.861898
9.753692 10.410006 9.727725 9.375925 149723.861898
9.753692 10.410006 9.727725 9.375925 149723.861898
9.753692 10.410006 9.727725 9.375925 149723.861898
9.622041 10.511479 9.862846 9.350628 149709.353140
9.622041 10.511479 9.862846 9.350628 149709.353140
9.622041 10.511479 9.862846 9.350628 149709.353140
9.489555 10.652285 9.918377 9.280227 149685.297213
9.489555 10.652285 9.918377 9.280227 149685.297213
9.489555 10.652285 9.918377 9.280227 149685.297213
9.515779 10.782896 9.721291 9.209338 149660.893763
9.455610 10.656633 9.736815 9.081521 149657.256600
9.408990 10.591403 9.741955 9.008463 149654.317382
9.408990 10.591403 9.741955 9.008463 149654.317382
9.322802 10.625151 9.621522 8.971130 149643.929337
9.387362 10.609126 9.742685 8.919490 149641.327396
9.464218 10.679752 9.665744 8.933377 149635.408031
9.464218 10.679752 9.665744 8.933377 149635.408031
9.553448 10.680279 9.593626 8.766414 149613.860753
9.553448 10.680279 9.593626 8.766414 149613.860753
9.553448 10.680279 9.593626 8.766414 149613.860753
9.553448 10.680279 9.593626 8.766414 149613.860753
9.553448 10.680279 9.593626 8.766414 149613.860753
9.553448 10.680279 9.593626 8.766414 149613.860753
9.553448 10.680279 9.593626 8.766414 149613.860753
9.548383 10.822851 9.722173 8.740522 149600.609244
9.548383 10.822851 9.722173 8.740522 149600.609244
9.526579 10.749164 9.729765 8.618000 149592.609166
9.527195 10.700887 9.719660 8.592008 149593.466969
9.431876 10.773578 9.774802 8.423988 149568.787638
9.431876 10.773578 9.774802 8.423988 149568.787638
9.431876 10.773578 9.774802 8.423988 149568.787638
9.431876 10.773578 9.774802 8.423988 149568.787638
9.396853 10.986271 9.921533 8.522475 149566.750105
9.389691 10.882437 9.839132 8.328353 149551.215949
9.389691 10.882437 9.839132 8.328353 149551.215949
9.272821 10.943470 9.879729 8.356635 149550.372966
9.272821 10.943470 9.879729 8.356635 149550.372966
9.272821 10.943470 9.879729 8.356635 149550.372966
9.272821 10.943470 9.879729 8.356635 149550.372966
9.282612 11.033170 9.796531 8.229288 149528.034672
9.230582 11.075430 9.837678 8.178953 149520.932417
9.230582 11.075430 9.837678 8.178953 149520.932417
9.254930 11.067233 9.786646 8.202515 149522.456607
9.182593 11.220844 9.835518 8.021327 149495.368425
9.186409 11.224339 9.627998 8.093270 149495.265190
9.186409 11.224339 9.627998 8.093270 149495.265190
9.172255 11.237521 9.704780 8.016951 149489.347471
9.208975 11.346169 9.836230 7.910438 149477.257344
9.208975 11.346169 9.836230 7.910438 149477.257344
9.365574 11.359142 9.793887 7.909335 149475.396029
9.383109 11.294687 9.818280 7.820202 149471.577409
9.366252 11.385023 9.781135 7.848959 149467.715088
9.366252 11.385023 9.781135 7.848959 149467.715088
9.366252 11.385023 9.781135 7.848959 149467.715088
9.287209 11.366299 9.849278 7.808038 149467.213148
9.332803 11.386863 9.619887 7.771624 149453.978835
9.332803 11.386863 9.619887 7.771624 149453.978835
9.322928 11.286949 9.647965 7.689355 149452.851769
9.322928 11.286949 9.647965 7.689355 149452.851769
9.322928 11.286949 9.647965 7.689355 149452.851769
9.322928 11.286949 9.647965 7.689355 149452.851769
9.376081 11.235454 9.537565 7.632619 149446.103395
9.376081 11.235454 9.537565 7.632619 149446.103395
9.376081 11.235454 9.537565 7.632619 149446.103395
9.258814 11.377095 9.618507 7.658386 149443.523800
9.258814 11.377095 9.618507 7.658386 149443.523800
9.258814 11.377095 9.618507 7.658386 149443.523800
9.258814 11.377095 9.618507 7.658386 149443.523800
9.258814 11.377095 9.618507 7.658386 149443.523800
9.136040 11.416977 9.645229 7.518089 149429.153053
9.136040 11.416977 9.645229 7.518089 149429.153053
9.215354 11.427292 9.658738 7.441341 149422.500121
9.220165 11.210656 9.385841 7.424909 149420.521276
9.367297 11.278454 9.167977 7.404246 149405.532443
9.454613 11.339239 9.072951 7.298026 149387.726833
9.515968 11.406451 9.035396 7.233651 149376.386834
9.506101 11.501883 8.921930 7.278968 149369.984476
9.604683 11.689555 8.811174 7.390910 149365.425006
9.604683 11.689555 8.811174 7.390910 149365.425006
9.560714 11.780292 8.624188 7.150453 149327.923928
9.450471 11.771796 8.612257 6.999485 149313.472223
9.450471 11.771796 8.612257 6.999485 149313.472223
9.372132 11.846463 8.566951 6.926867 149300.602219
9.347066 11.847943 8.512807 6.948394 149299.045051
9.425413 12.018181 8.577538 6.844677 149286.923956
9.405746 12.046873 8.536561 6.869749 149285.215015
9.405746 12.046873 8.536561 6.869749 149285.215015
9.411242 12.069952 8.556723 6.722743 149273.197213
9.289283 12.104213 8.661684 6.628092 149270.789173
9.280479 12.164429 8.621157 6.633913 149266.375164
9.280479 12.164429 8.621157 6.633913 149266.375164
9.196337 12.009375 8.511937 6.607989 149262.478077
9.196337 12.009375 8.511937 6.607989 149262.478077
9.172238 12.149625 8.539774 6.672812 149264.366582
9.130529 12.072174 8.474833 6.608399 149257.478349
9.130529 12.072174 8.474833 6.608399 149257.478349
9.130529 12.072174 8.474833 6.608399 149257.478349
9.130529 12.072174 8.474833 6.608399 149257.478349
9.049134 12.035934 8.426275 6.574547 149252.509208
9.049134 12.035934 8.426275 6.574547 149252.509208
9.049134 12.035934 8.426275 6.574547 149252.509208
8.960582 12.021415 8.263736 6.548002 149239.202095
8.960582 12.021415 8.263736 6.548002 149239.202095
9.063112 12.084129 8.264191 6.456294 149229.437982
8.850416 12.097712 8.157170 6.348457 149211.596660
8.850416 12.097712 8.157170 6.348457 149211.596660
8.927995 12.080746 8.001551 6.422168 149206.669269
8.927995 12.080746 8.001551 6.422168 149206.669269
8.927995 12.080746 8.001551 6.422168 149206.669269
8.927995 12.080746 8.001551 6.422168 149206.669269
8.927995 12.080746 8.001551 6.422168 149206.669269
8.992174 12.107434 8.064814 6.215632 149193.521761
9.009438 12.226281 8.094084 6.077847 149181.040558
9.009438 12.226281 8.094084 6.077847 149181.040558
9.060735 12.319920 8.021825 5.945351 149162.193119
9.072463 12.427419 7.644988 6.028439 149132.576239
9.072463 12.427419 7.644988 6.028439 149132.576239
9.072463 12.427419 7.644988 6.028439 149132.576239
9.072463 12.427419 7.644988 6.028439 149132.576239
9.170388 12.490606 7.575260 6.044041 149125.674448
9.170388 12.490606 7.575260 6.044041 149125.674448
9.170388 12.490606 7.575260 6.044041 149125.674448
9.099676 12.546201 7.508778 5.913507 149107.225714
9.063118 12.666105 7.453186 5.897776 149097.039748
8.991311 12.581923 7.274462 5.861628 149078.846426
9.052598 12.594822 7.273271 5.776992 149071.693898
9.052598 12.594822 7.273271 5.776992 149071.693898
9.003558 12.689032 7.342020 5.660059 149066.978417
9.003558 12.689032 7.342020 5.660059 149066.978417
8.913273 12.787980 7.140078 5.702427 149046.157551
8.913049 12.773793 7.128877 5.714425 149046.281576
8.843008 12.758107 7.085210 5.695664 149040.415336
8.843008 12.758107 7.085210 5.695664 149040.415336
8.843008 12.758107 7.085210 5.695664 149040.415336
8.843008 12.758107 7.085210 5.695664 149040.415336
8.843008 12.758107 7.085210 5.695664 149040.415336
8.657791 12.836021 7.045417 5.645602 149029.677587
8.585035 12.774479 6.998686 5.639874 149025.598579
8.585035 12.774479 6.998686 5.639874 149025.598579
8.585035 12.774479 6.998686 5.639874 149025.598579
8.703553 12.681186 6.965935 5.620343 149023.229191
8.703553 12.681186 6.965935 5.620343 149023.229191
8.703553 12.681186 6.965935 5.620343 149023.229191
8.703553 12.681186 6.965935 5.620343 149023.229191
8.518416 12.633856 6.962596 5.578472 149020.505279
8.518416 12.633856 6.962596 5.578472 149020.505279
8.480668 12.715375 7.053840 5.415497 149015.918086
8.648741 12.855367 7.077440 5.178451 148998.455663
8.622183 12.788406 6.954196 5.098570 148979.611826
8.622183 12.788406 6.954196 5.098570 148979.611826
8.716232 12.626044 6.861703 5.018427 148966.180325
8.714016 12.796912 6.810416 5.147506 148965.606650
8.714016 12.796912 6.810416 5.147506 148965.606650
8.714016 12.796912 6.810416 5.147506 148965.606650
8.651413 12.995116 6.788164 4.994729 148947.571121
8.651413 12.995116 6.788164 4.994729 148947.571121
8.842761 13.072495 6.776906 5.015608 148946.311007
8.842761 13.072495 6.776906 5.015608 148946.311007
8.842761 13.072495 6.776906 5.015608 148946.311007
8.842761 13.072495 6.776906 5.015608 148946.311007
8.809598 13.110506 6.682128 5.019552 148933.551044
8.758469 13.180431 6.552045 4.888257 148905.575800
8.753099 13.126806 6.542407 4.779440 148897.732694
8.841057 13.021210 6.454534 4.741832 148884.904082
8.841057 13.021210 6.454534 4.741832 148884.904082
8.841057 13.021210 6.454534 4.741832 148884.904082
8.841057 13.021210 6.454534 4.741832 148884.904082
8.868546 12.935394 6.354571 4.847282 148880.171413
8.824934 13.014617 6.340071 4.877854 148878.668551
8.938818 13.007032 6.223386 4.902709 148864.097805
8.938818 13.007032 6.223386 4.902709 148864.097805
8.938818 13.007032 6.223386 4.902709 148864.097805
8.785649 12.954909 6.183415 4.799320 148851.209952
8.785649 12.954909 6.183415 4.799320 148851.209952
8.785649 12.954909 6.183415 4.799320 148851.209952
8.726727 12.987098 6.143752 4.856571 148848.955589
8.726727 12.987098 6.143752 4.856571 148848.955589
8.646773 13.022785 6.007732 4.906658 148831.520071
8.646773 13.022785 6.007732 4.906658 148831.520071
8.656980 13.170618 5.989499 4.976958 148830.896946
8.656980 13.170618 5.989499 4.976958 148830.896946
8.656980 13.170618 5.989499 4.976958 148830.896946
8.571301 13.066165 5.960286 4.986171 148829.584607
8.684011 13.181130 5.863160 5.055605 148817.690492
8.683548 13.261177 5.793914 5.163931 148814.001428
8.581176 13.314513 5.758312 5.076922 148799.394611
8.497627 13.399599 5.625242 5.058190 148773.938357
8.497627 13.399599 5.625242 5.058190 148773.938357
8.445743 13.461739 5.600333 5.027268 148765.476421
8.445743 13.461739 5.600333 5.027268 148765.476421
8.500644 13.509687 5.568678 5.088609 148764.299114
8.500644 13.509687 5.568678 5.088609 148764.299114
8.615241 13.462111 5.404291 5.308411 148758.540748
8.557322 13.375946 5.256692 5.282197 148734.152943
8.524855 13.523645 5.408015 5.015224 148730.363414
8.524855 13.523645 5.408015 5.015224 148730.363414
8.524855 13.523645 5.408015 5.015224 148730.363414
8.524855 13.523645 5.408015 5.015224 148730.363414
8.470338 13.356347 5.291548 5.071362 148720.066449
8.470338 13.356347 5.291548 5.071362 148720.066449
8.470338 13.356347 5.291548 5.071362 148720.066449
8.418017 13.374738 5.321314 5.033571 148721.019600
8.418017 13.374738 5.321314 5.033571 148721.019600
8.418017 13.374738 5.321314 5.033571 148721.019600
8.395611 13.445986 5.174025 5.090678 148698.525007
8.525408 13.511961 5.031730 5.049683 148667.277586
8.525408 13.511961 5.031730 5.049683 148667.277586
8.525408 13.511961 5.031730 5.049683 148667.277586
8.367564 13.725128 5.012983 4.965748 148648.878158
8.367564 13.725128 5.012983 4.965748 148648.878158
8.367564 13.725128 5.012983 4.965748 148648.878158
8.586184 13.851683 4.950844 4.937934 148631.295911
8.590877 13.854580 4.920512 4.916759 148623.420820
8.503887 13.848804 4.712486 4.810009 148572.374993
8.402221 13.929635 4.656289 4.865213 148564.119541
8.402221 13.929635 4.656289 4.865213 148564.119541
8.402221 13.929635 4.656289 4.865213 148564.119541
8.435738 14.011024 4.576025 4.841053 148543.140104
8.513778 13.939523 4.540789 4.865660 148541.021007
8.519869 14.011261 4.569469 4.679290 148525.576051
8.654871 13.965828 4.464030 4.780139 148515.880999
8.734669 14.017508 4.468623 4.759129 148513.146522
8.734669 14.017508 4.468623 4.759129 148513.146522
8.789024 14.107687 4.447738 4.677692 148497.717789
8.789024 14.107687 4.447738 4.677692 148497.717789
8.789024 14.107687 4.447738 4.677692 148497.717789
8.831774 14.174700 4.310907 4.773900 148477.392515
8.651903 14.229743 4.253255 4.677681 148452.675690
8.722436 14.197636 4.117992 4.689335 148426.700027
8.544364 14.289006 4.025770 4.716270 148407.139946
8.544364 14.289006 4.025770 4.716270 148407.139946
8.544364 14.289006 4.025770 4.716270 148407.139946
8.544364 14.289006 4.025770 4.716270 148407.139946
8.544364 14.289006 4.025770 4.716270 148407.139946
8.544364 14.289006 4.025770 4.716270 148407.139946
8.544364 14.289006 4.025770 4.716270 148407.139946
8.544364 14.289006 4.025770 4.716270 148407.139946
8.544364 14.289006 4.025770 4.716270 148407.139946
8.544364 14.289006 4.025770 4.716270 148407.139946
8.544364 14.289006 4.025770 4.716270 148407.139946
8.544364 14.289006 4.025770 4.716270 148407.139946
8.544364 14.289006 4.025770 4.716270 148407.139946
8.842003 14.123063 3.888488 4.814216 148399.058680
8.875309 14.182383 3.823640 4.855288 148389.919983
8.875309 14.182383 3.823640 4.855288 148389.919983
8.875309 14.182383 3.823640 4.855288 148389.919983
8.875309 14.182383 3.823640 4.855288 148389.919983
8.875309 14.182383 3.823640 4.855288 148389.919983
8.875309 14.182383 3.823640 4.855288 148389.919983
8.942776 14.273925 3.856011 4.649373 148365.647746
8.942776 14.273925 3.856011 4.649373 148365.647746
8.942776 14.273925 3.856011 4.649373 148365.647746
8.969893 14.351473 3.739892 4.582716 148330.835259
8.969893 14.351473 3.739892 4.582716 148330.835259
9.079105 14.282694 3.756091 4.495751 148325.621315
9.079105 14.282694 3.756091 4.495751 148325.621315
9.208617 14.373391 3.668464 4.474520 148302.019384
9.033959 14.515556 3.606631 4.601090 148301.039045
9.033959 14.515556 3.606631 4.601090 148301.039045
9.071311 14.522246 3.485696 4.495448 148263.412433
9.008484 14.600005 3.402006 4.458241 148239.555044
8.898646 14.577120 3.395075 4.357689 148224.345206
8.751783 14.565786 3.274248 4.442002 148216.382356
8.697569 14.571034 3.193293 4.449574 148205.139953
8.742344 14.517105 3.189421 4.399276 148199.015955
8.742344 14.517105 3.189421 4.399276 148199.015955
8.770401 14.436303 3.127913 4.415111 148197.395907
8.770401 14.436303 3.127913 4.415111 148197.395907
8.639131 14.444605 3.018026 4.471697 148194.879890
8.639131 14.444605 3.018026 4.471697 148194.879890
8.639131 14.444605 3.018026 4.471697 148194.879890
8.639131 14.444605 3.018026 4.471697 148194.879890
8.572880 14.445226 2.942825 4.341701 148164.273020
8.572880 14.445226 2.942825 4.341701 148164.273020
8.584912 14.482050 2.934427 4.355600 148164.329120
8.584912 14.482050 2.934427 4.355600 148164.329120
8.584912 14.482050 2.934427 4.355600 148164.329120
8.584912 14.482050 2.934427 4.355600 148164.329120
8.584912 14.482050 2.934427 4.355600 148164.329120
8.584912 14.482050 2.934427 4.355600 148164.329120
8.584912 14.482050 2.934427 4.355600 148164.329120
8.584912 14.482050 2.934427 4.355600 148164.329120
8.584912 14.482050 2.934427 4.355600 148164.329120
8.584912 14.482050 2.934427 4.355600 148164.329120
8.620000 14.471607 2.947096 4.244601 148145.436620
8.620000 14.471607 2.947096 4.244601 148145.436620
8.620000 14.471607 2.947096 4.244601 148145.436620
8.620000 14.471607 2.947096 4.244601 148145.436620
8.620000 14.471607 2.947096 4.244601 148145.436620
8.620000 14.471607 2.947096 4.244601 148145.436620
8.603546 14.445232 2.916827 4.249703 148145.110226
8.603546 14.445232 2.916827 4.249703 148145.110226
8.686632 14.283966 2.899266 4.179020 148139.082286
8.522063 14.082107 2.914691 4.026621 148121.212669
8.522063 14.082107 2.914691 4.026621 148121.212669
8.522063 14.082107 2.914691 4.026621 148121.212669
8.776868 14.126927 2.802208 4.012280 148108.883140
8.776868 14.126927 2.802208 4.012280 148108.883140
8.972788 14.272895 2.867227 4.013098 148106.553421
8.873083 14.267207 2.849652 3.951303 148093.350051
8.873083 14.267207 2.849652 3.951303 148093.350051
8.798888 14.212392 2.838956 3.922750 148089.484914
8.716426 14.407750 2.648391 3.961076 148078.737865
8.716426 14.407750 2.648391 3.961076 148078.737865
8.716426 14.407750 2.648391 3.961076 148078.737865
8.716426 14.407750 2.648391 3.961076 148078.737865
8.716426 14.407750 2.648391 3.961076 148078.737865
8.716426 14.407750 2.648391 3.961076 148078.737865
8.716426 14.407750 2.648391 3.961076 148078.737865
8.716426 14.407750 2.648391 3.961076 148078.737865
8.716426 14.407750 2.648391 3.961076 148078.737865
8.716426 14.407750 2.648391 3.961076 148078.737865
8.597377 14.456801 2.674309 3.915299 148066.406447
8.571545 14.391784 2.559184 3.777585 148040.629341
8.571545 14.391784 2.559184 3.777585 148040.629341
8.571545 14.391784 2.559184 3.777585 148040.629341
8.571545 14.391784 2.559184 3.777585 148040.629341
8.571545 14.391784 2.559184 3.777585 148040.629341
8.445592 14.248182 2.686212 3.696714 148032.467600
8.445592 14.248182 2.686212 3.696714 148032.467600
8.344082 14.211771 2.666469 3.578858 148009.314070
8.341348 14.181469 2.613163 3.454663 147983.120290
8.341348 14.181469 2.613163 3.454663 147983.120290
8.381824 14.111367 2.536753 3.440786 147981.659620
8.381824 14.111367 2.536753 3.440786 147981.659620
8.458220 14.143673 2.583792 3.412908 147975.500154
8.265674 14.167540 2.513644 3.273498 147942.936802
8.265674 14.167540 2.513644 3.273498 147942.936802
8.265674 14.167540 2.513644 3.273498 147942.936802
8.259890 14.105335 2.609736 3.206260 147936.650727
8.259890 14.105335 2.609736 3.206260 147936.650727
8.216553 14.103350 2.735325 3.114341 147933.157555
8.216553 14.103350 2.735325 3.114341 147933.157555
8.216553 14.103350 2.735325 3.114341 147933.157555
8.408550 14.156703 2.640055 3.061798 147910.619512
8.408550 14.156703 2.640055 3.061798 147910.619512
8.408550 14.156703 2.640055 3.061798 147910.619512
8.408550 14.156703 2.640055 3.061798 147910.619512
8.341052 14.208434 2.574015 3.023385 147894.970879
8.325571 14.316743 2.614877 3.007365 147892.256161
8.349956 14.325247 2.505452 3.057295 147892.415036
8.349956 14.325247 2.505452 3.057295 147892.415036
8.349956 14.325247 2.505452 3.057295 147892.415036
8.349956 14.325247 2.505452 3.057295 147892.415036
8.470549 14.347980 2.330671 3.003549 147879.079991
8.470549 14.347980 2.330671 3.003549 147879.079991
8.470549 14.347980 2.330671 3.003549 147879.079991
8.482327 14.460077 2.497384 3.009966 147878.040471
8.630385 14.624015 2.539325 3.018925 147877.364214
8.630385 14.624015 2.539325 3.018925 147877.364214
8.601500 14.724867 2.467733 2.934851 147852.869556
8.584124 14.623371 2.514854 2.795212 147834.232062
8.584124 14.623371 2.514854 2.795212 147834.232062
8.748903 14.619885 2.564728 2.677704 147820.242299
8.757917 14.664048 2.381116 2.540184 147774.871568
8.757917 14.664048 2.381116 2.540184 147774.871568
8.783374 14.551532 2.327188 2.483697 147764.047429
8.783374 14.551532 2.327188 2.483697 147764.047429
8.820458 14.581616 2.283434 2.432938 147751.507457
8.820458 14.581616 2.283434 2.432938 147751.507457
8.820458 14.581616 2.283434 2.432938 147751.507457
8.750993 14.569461 2.228757 2.269088 147717.402857
8.806556 14.391438 2.243585 2.168214 147702.443668
8.806556 14.391438 2.243585 2.168214 147702.443668
8.751263 14.625680 2.160795 2.117364 147684.221842
8.826713 14.550398 2.143948 2.093002 147681.228869
8.826713 14.550398 2.143948 2.093002 147681.228869
8.826713 14.550398 2.143948 2.093002 147681.228869
8.826713 14.550398 2.143948 2.093002 147681.228869
8.808188 14.472231 2.233892 1.939504 147655.937134
8.732847 14.368230 2.394194 1.777774 147650.760321
8.643610 14.342220 2.425426 1.660501 147639.013285
8.643610 14.342220 2.425426 1.660501 147639.013285
8.643610 14.342220 2.425426 1.660501 147639.013285
8.576406 14.206851 2.406785 1.579693 147624.467459
8.590917 14.171341 2.294639 1.615130 147610.066608
8.590917 14.171341 2.294639 1.615130 147610.066608
8.590917 14.171341 2.294639 1.615130 147610.066608
8.590917 14.171341 2.294639 1.615130 147610.066608
8.479638 14.204591 2.183918 1.670800 147605.881056
8.479638 14.204591 2.183918 1.670800 147605.881056
8.401602 14.325834 2.132645 1.627637 147591.743735
8.441586 14.460028 2.104894 1.600788 147582.837420
8.441586 14.460028 2.104894 1.600788 147582.837420
8.362227 14.347541 2.125941 1.389692 147546.559935
8.331837 14.356850 1.962070 1.150787 147490.149970
8.155538 14.332014 1.940888 1.016656 147463.174636
8.155538 14.332014 1.940888 1.016656 147463.174636
8.139584 14.415702 1.905052 0.944124 147447.101200
8.076941 14.431159 1.901142 0.940327 147446.106337
7.845484 14.371561 2.002756 0.825895 147433.071916
8.037433 14.500424 1.943926 0.609704 147388.840126
8.037433 14.500424 1.943926 0.609704 147388.840126
8.037433 14.500424 1.943926 0.609704 147388.840126
8.074979 14.478893 1.945468 0.559666 147380.674798
8.074979 14.478893 1.945468 0.559666 147380.674798
8.074979 14.478893 1.945468 0.559666 147380.674798
7.984320 14.572065 1.878087 0.549560 147371.437576
7.984320 14.572065 1.878087 0.549560 147371.437576
7.984320 14.572065 1.878087 0.549560 147371.437576
7.984320 14.572065 1.878087 0.549560 147371.437576
7.984320 14.572065 1.878087 0.549560 147371.437576
7.984320 14.572065 1.878087 0.549560 147371.437576
7.923710 14.625241 1.887433 0.494437 147362.773993
7.923710 14.625241 1.887433 0.494437 147362.773993
7.923710 14.625241 1.887433 0.494437 147362.773993
7.897390 14.603496 1.915673 0.361388 147344.443627
7.786060 14.540451 1.798793 0.329156 147325.833392
7.740881 14.506736 1.804586 0.258942 147313.750994
7.742577 14.596802 1.726306 0.257153 147309.175574
7.745018 14.671960 1.839245 0.171616 147303.589745
7.745018 14.671960 1.839245 0.171616 147303.589745
7.745018 14.671960 1.839245 0.171616 147303.589745
7.745018 14.671960 1.839245 0.171616 147303.589745
7.884291 14.635473 1.695278 0.109016 147280.479077
7.884291 14.635473 1.695278 0.109016 147280.479077
7.810071 14.511504 1.586388 0.074287 147274.910724
7.882572 14.405962 1.507962 0.042028 147275.675806
7.834750 14.469567 1.476012 0.008960 147273.621911
7.834750 14.469567 1.476012 0.008960 147273.621911
7.834750 14.469567 1.476012 0.008960 147273.621911
7.931780 14.488842 1.666791 0.017963 147261.642638
7.857318 14.529256 1.718304 -0.165830 147232.643900
7.857318 14.529256 1.718304 -0.165830 147232.643900
8.020010 14.689722 1.625996 -0.350285 147194.442424
8.020010 14.689722 1.625996 -0.350285 147194.442424
8.020010 14.689722 1.625996 -0.350285 147194.442424
8.020010 14.689722 1.625996 -0.350285 147194.442424
8.020010 14.689722 1.625996 -0.350285 147194.442424
8.020010 14.689722 1.625996 -0.350285 147194.442424
8.020010 14.689722 1.625996 -0.350285 147194.442424
8.020010 14.689722 1.625996 -0.350285 147194.442424
8.020010 14.689722 1.625996 -0.350285 147194.442424
8.020010 14.689722 1.625996 -0.350285 147194.442424
7.935331 14.579954 1.576177 -0.355981 147189.878603
7.935331 14.579954 1.576177 -0.355981 147189.878603
7.998330 14.654119 1.643873 -0.452722 147178.368846
7.998330 14.654119 1.643873 -0.452722 147178.368846
8.105093 14.604465 1.702328 -0.686751 147151.451336
8.212738 14.398016 1.681439 -0.639343 147151.266747
8.178777 14.307547 1.578847 -0.599110 147142.652311
8.178777 14.307547 1.578847 -0.599110 147142.652311
8.178777 14.307547 1.578847 -0.599110 147142.652311
8.134525 14.155425 1.583405 -0.929569 147087.726430
8.284041 14.179144 1.538282 -0.927065 147081.609310
8.382696 14.061302 1.487278 -0.998050 147061.647655
8.382696 14.061302 1.487278 -0.998050 147061.647655
8.484043 14.044520 1.455487 -1.029810 147052.782715
8.484043 14.044520 1.455487 -1.029810 147052.782715
8.629715 14.028938 1.463258 -1.044227 147050.414658
8.687147 13.896383 1.432566 -1.019665 147049.405148
8.687147 13.896383 1.432566 -1.019665 147049.405148
8.687147 13.896383 1.432566 -1.019665 147049.405148
8.687147 13.896383 1.432566 -1.019665 147049.405148
8.608815 13.737902 1.385194 -1.008410 147046.389561
8.552032 13.723590 1.449596 -1.057286 147040.418160
8.469265 13.734201 1.377486 -1.052877 147037.787703
8.469265 13.734201 1.377486 -1.052877 147037.787703
8.529525 13.792935 1.252890 -1.144448 147025.593201
8.529525 13.792935 1.252890 -1.144448 147025.593201
8.529525 13.792935 1.252890 -1.144448 147025.593201
8.529525 13.792935 1.252890 -1.144448 147025.593201
8.635856 13.816033 1.192568 -1.242414 147011.527581
8.619170 13.877622 1.040887 -1.404091 147009.637450
8.485616 13.859663 1.084438 -1.443532 146986.129558
8.485616 13.859663 1.084438 -1.443532 146986.129558
8.496591 13.802599 1.158957 -1.555949 146944.931312
8.473902 13.810772 1.025544 -1.677366 146939.675671
8.473902 13.810772 1.025544 -1.677366 146939.675671
8.473902 13.810772 1.025544 -1.677366 146939.675671
8.520322 13.754195 1.088278 -1.656450 146929.571758
8.520322 13.754195 1.088278 -1.656450 146929.571758
8.520322 13.754195 1.088278 -1.656450 146929.571758
8.520322 13.754195 1.088278 -1.656450 146929.571758
8.390415 13.848296 1.074895 -1.803777 146902.180352
8.285493 13.842932 1.058937 -1.842383 146895.886132
8.166574 13.866663 0.972980 -1.929702 146893.025160
8.166574 13.866663 0.972980 -1.929702 146893.025160
8.166574 13.866663 0.972980 -1.929702 146893.025160
8.166574 13.866663 0.972980 -1.929702 146893.025160
8.166574 13.866663 0.972980 -1.929702 146893.025160
8.166574 13.866663 0.972980 -1.929702 146893.025160
8.166574 13.866663 0.972980 -1.929702 146893.025160
8.166574 13.866663 0.972980 -1.929702 146893.025160
8.166574 13.866663 0.972980 -1.929702 146893.025160
8.136960 13.777489 1.138040 -1.861150 146883.862399
8.136960 13.777489 1.138040 -1.861150 146883.862399
8.136960 13.777489 1.138040 -1.861150 146883.862399
8.136960 13.777489 1.138040 -1.861150 146883.862399
8.227692 13.850699 1.122033 -1.932555 146872.840403
8.228363 13.928545 1.079219 -2.035118 146857.325143
8.228363 13.928545 1.079219 -2.035118 146857.325143
8.228363 13.928545 1.079219 -2.035118 146857.325143
8.228363 13.928545 1.079219 -2.035118 146857.325143
8.228363 13.928545 1.079219 -2.035118 146857.325143
8.228363 13.928545 1.079219 -2.035118 146857.325143
8.228363 13.928545 1.079219 -2.035118 146857.325143
8.228363 13.928545 1.079219 -2.035118 146857.325143
8.228363 13.928545 1.079219 -2.035118 146857.325143
8.124349 13.998169 1.154466 -2.054273 146857.016095
8.124349 13.998169 1.154466 -2.054273 146857.016095
8.237609 14.019608 1.195395 -2.237498 146833.372055
8.237609 14.019608 1.195395 -2.237498 146833.372055
8.237609 14.019608 1.195395 -2.237498 146833.372055
8.237609 14.019608 1.195395 -2.237498 146833.372055
8.267328 14.025454 1.040566 -2.220473 146826.912026
8.267328 14.025454 1.040566 -2.220473 146826.912026
8.297563 14.013300 0.867258 -2.445877 146800.064796
8.320266 14.000191 0.996863 -2.362445 146800.541685
8.320266 14.000191 0.996863 -2.362445 146800.541685
8.320266 14.000191 0.996863 -2.362445 146800.541685
8.320266 14.000191 0.996863 -2.362445 146800.541685
8.320266 14.000191 0.996863 -2.362445 146800.541685
8.320266 14.000191 0.996863 -2.362445 146800.541685
8.320266 14.000191 0.996863 -2.362445 146800.541685
8.320266 14.000191 0.996863 -2.362445 146800.541685
8.341281 14.025139 1.107963 -2.533581 146779.637009
8.341281 14.025139 1.107963 -2.533581 146779.637009
8.341281 14.025139 1.107963 -2.533581 146779.637009
8.341281 14.025139 1.107963 -2.533581 146779.637009
8.341281 14.025139 1.107963 -2.533581 146779.637009
8.248929 14.038226 1.028814 -2.535400 146772.180337
8.046339 14.161224 0.951476 -2.648860 146757.353259
8.053129 14.071311 1.029312 -2.779024 146738.049003
8.106639 14.113910 0.824100 -2.828463 146730.098846
8.328545 14.001753 0.920090 -2.791761 146724.684943
8.241658 13.926117 1.030094 -2.915832 146714.965599
8.241658 13.926117 1.030094 -2.915832 146714.965599
8.171126 13.890213 1.032277 -2.927764 146712.945961
8.217260 13.916843 0.934768 -2.850507 146712.219915
8.217260 13.916843 0.934768 -2.850507 146712.219915
8.113871 13.957313 0.976916 -2.982084 146699.584723
8.329085 13.822793 0.879531 -2.993739 146682.426441
8.329085 13.822793 0.879531 -2.993739 146682.426441
8.329085 13.822793 0.879531 -2.993739 146682.426441
8.329085 13.822793 0.879531 -2.993739 146682.426441
8.308284 13.875251 0.841502 -3.020653 146679.882726
8.308284 13.875251 0.841502 -3.020653 146679.882726
8.308284 13.875251 0.841502 -3.020653 146679.882726
8.308284 13.875251 0.841502 -3.020653 146679.882726
8.433872 13.967934 0.780560 -3.083013 146675.382089
8.470064 13.716947 0.797236 -3.094583 146659.115963
8.529754 13.677457 0.851529 -3.136734 146651.383373
8.529754 13.677457 0.851529 -3.136734 146651.383373
8.529754 13.677457 0.851529 -3.136734 146651.383373
8.482293 13.486933 0.806986 -3.257857 146621.566089
8.524006 13.480842 0.771796 -3.309022 146611.172739
8.524006 13.480842 0.771796 -3.309022 146611.172739
8.524006 13.480842 0.771796 -3.309022 146611.172739
8.488809 13.584551 0.757022 -3.350054 146609.538123
8.488809 13.584551 0.757022 -3.350054 146609.538123
8.346362 13.357498 0.774701 -3.438403 146587.965778
8.346362 13.357498 0.774701 -3.438403 146587.965778
8.346362 13.357498 0.774701 -3.438403 146587.965778
8.263836 13.190598 0.785734 -3.408229 146586.046643
8.230011 13.251193 0.644679 -3.555537 146558.096513
8.314673 13.196984 0.557391 -3.660118 146539.586229
8.314673 13.196984 0.557391 -3.660118 146539.586229
8.463902 13.135901 0.538472 -3.702718 146528.162450
8.463902 13.135901 0.538472 -3.702718 146528.162450
8.539341 13.158111 0.626157 -3.765868 146518.995465
8.536716 13.029858 0.591801 -3.777484 146508.164308
8.536716 13.029858 0.591801 -3.777484 146508.164308
8.536716 13.029858 0.591801 -3.777484 146508.164308
8.536716 13.029858 0.591801 -3.777484 146508.164308
8.504073 12.994950 0.538007 -3.846569 146494.163291
8.504073 12.994950 0.538007 -3.846569 146494.163291
8.504073 12.994950 0.538007 -3.846569 146494.163291
8.504073 12.994950 0.538007 -3.846569 146494.163291
8.504073 12.994950 0.538007 -3.846569 146494.163291
8.513023 13.018105 0.468915 -3.921798 146484.876732
8.513023 13.018105 0.468915 -3.921798 146484.876732
8.513023 13.018105 0.468915 -3.921798 146484.876732
8.414087 12.918409 0.560074 -3.959080 146476.110098
8.346235 12.900573 0.483547 -3.984421 146467.399170
8.346235 12.900573 0.483547 -3.984421 146467.399170
8.346235 12.900573 0.483547 -3.984421 146467.399170
8.292691 12.767796 0.520629 -3.962855 146464.573306
8.292691 12.767796 0.520629 -3.962855 146464.573306
8.292691 12.767796 0.520629 -3.962855 146464.573306
8.292691 12.767796 0.520629 -3.962855 146464.573306
8.291373 12.801605 0.476743 -3.990556 146460.571411
8.219073 12.777826 0.420664 -4.052880 146450.128548
8.168588 12.709442 0.389391 -4.133603 146433.455665
8.117618 12.609977 0.427859 -4.178601 146421.614484
7.998536 12.745257 0.401006 -4.274202 146416.111710
7.998536 12.745257 0.401006 -4.274202 146416.111710
7.998536 12.745257 0.401006 -4.274202 146416.111710
7.998536 12.745257 0.401006 -4.274202 146416.111710
7.879838 12.741323 0.303190 -4.335154 146408.598236
7.903284 12.605214 0.179656 -4.499091 146382.193101
7.903284 12.605214 0.179656 -4.499091 146382.193101
7.903284 12.605214 0.179656 -4.499091 146382.193101
7.773794 12.553559 0.261128 -4.522926 146367.813241
7.773794 12.553559 0.261128 -4.522926 146367.813241
7.765527 12.487718 0.248833 -4.499207 146366.934240
7.640369 12.384336 0.288479 -4.557049 146355.565843
7.640369 12.384336 0.288479 -4.557049 146355.565843
7.587357 12.361396 0.236337 -4.592326 146346.773155
7.587357 12.361396 0.236337 -4.592326 146346.773155
7.587357 12.361396 0.236337 -4.592326 146346.773155
7.587357 12.361396 0.236337 -4.592326 146346.773155
7.587357 12.361396 0.236337 -4.592326 146346.773155
7.587357 12.361396 0.236337 -4.592326 146346.773155
7.587357 12.361396 0.236337 -4.592326 146346.773155
7.509985 12.281581 0.237369 -4.596205 146341.958208
7.509985 12.281581 0.237369 -4.596205 146341.958208
7.509985 12.281581 0.237369 -4.596205 146341.958208
7.509985 12.281581 0.237369 -4.596205 146341.958208
7.509985 12.281581 0.237369 -4.596205 146341.958208
7.535291 12.215784 0.254365 -4.656799 146333.990959
7.720173 12.322829 0.157026 -4.717868 146325.361957
7.720173 12.322829 0.157026 -4.717868 146325.361957
7.779607 12.220735 0.147772 -4.711833 146318.643539
7.779607 12.220735 0.147772 -4.711833 146318.643539
7.779607 12.220735 0.147772 -4.711833 146318.643539
7.779607 12.220735 0.147772 -4.711833 146318.643539
7.779607 12.220735 0.147772 -4.711833 146318.643539
7.869522 12.160167 0.223960 -4.739025 146318.810948
7.869522 12.160167 0.223960 -4.739025 146318.810948
7.869522 12.160167 0.223960 -4.739025 146318.810948
7.869522 12.160167 0.223960 -4.739025 146318.810948
7.869522 12.160167 0.223960 -4.739025 146318.810948
8.003620 12.191876 0.101119 -4.752557 146309.768343
8.003620 12.191876 0.101119 -4.752557 146309.768343
7.846298 11.964053 -0.025503 -4.875322 146281.977083
7.747504 12.020577 -0.066398 -5.052739 146262.550718
7.603608 11.975528 -0.075272 -5.073881 146257.495626
7.603608 11.975528 -0.075272 -5.073881 146257.495626
7.603608 11.975528 -0.075272 -5.073881 146257.495626
7.603608 11.975528 -0.075272 -5.073881 146257.495626
7.603608 11.975528 -0.075272 -5.073881 146257.495626
7.603608 11.975528 -0.075272 -5.073881 146257.495626
7.603608 11.975528 -0.075272 -5.073881 146257.495626
7.603608 11.975528 -0.075272 -5.073881 146257.495626
7.603608 11.975528 -0.075272 -5.073881 146257.495626
7.603608 11.975528 -0.075272 -5.073881 146257.495626
7.627721 11.909487 -0.185466 -5.171082 146248.909324
7.732318 11.995934 -0.175776 -5.239301 146242.179358
7.732318 11.995934 -0.175776 -5.239301 146242.179358
7.815490 11.959155 -0.258915 -5.336726 146234.170042
7.645492 11.772565 -0.238379 -5.428111 146201.506716
7.645492 11.772565 -0.238379 -5.428111 146201.506716
7.645492 11.772565 -0.238379 -5.428111 146201.506716
7.542361 11.797917 -0.290809 -5.559125 146190.883212
7.460600 11.645023 -0.233361 -5.695634 146189.569534
7.484712 11.718508 -0.362383 -5.622491 146180.861807
7.484712 11.718508 -0.362383 -5.622491 146180.861807
7.484712 11.718508 -0.362383 -5.622491 146180.861807
7.484712 11.718508 -0.362383 -5.622491 146180.861807
7.484712 11.718508 -0.362383 -5.622491 146180.861807
7.484712 11.718508 -0.362383 -5.622491 146180.861807
7.484712 11.718508 -0.362383 -5.622491 146180.861807
7.484712 11.718508 -0.362383 -5.622491 146180.861807
7.551870 11.607585 -0.490404 -5.816802 146155.802870
7.551870 11.607585 -0.490404 -5.816802 146155.802870
7.551870 11.607585 -0.490404 -5.816802 146155.802870
7.369783 11.709730 -0.447639 -5.943904 146153.984562
7.370638 11.827920 -0.534330 -6.081519 146149.696379
7.567976 11.731394 -0.478169 -6.017892 146148.827839
7.567976 11.731394 -0.478169 -6.017892 146148.827839
7.567976 11.731394 -0.478169 -6.017892 146148.827839
7.567976 11.731394 -0.478169 -6.017892 146148.827839
7.567976 11.731394 -0.478169 -6.017892 146148.827839
7.567976 11.731394 -0.478169 -6.017892 146148.827839
7.567976 11.731394 -0.478169 -6.017892 146148.827839
7.567976 11.731394 -0.478169 -6.017892 146148.827839
7.475330 11.590740 -0.577901 -6.051267 146135.952714
7.475330 11.590740 -0.577901 -6.051267 146135.952714
7.475330 11.590740 -0.577901 -6.051267 146135.952714
7.524676 11.567109 -0.627293 -6.075066 146133.139633
7.524676 11.567109 -0.627293 -6.075066 146133.139633
7.524676 11.567109 -0.627293 -6.075066 146133.139633
7.524676 11.567109 -0.627293 -6.075066 146133.139633
7.524676 11.567109 -0.627293 -6.075066 146133.139633
7.524676 11.567109 -0.627293 -6.075066 146133.139633
7.524676 11.567109 -0.627293 -6.075066 146133.139633
7.403656 11.353387 -0.597628 -6.072210 146124.183477
7.403656 11.353387 -0.597628 -6.072210 146124.183477
7.403656 11.353387 -0.597628 -6.072210 146124.183477
7.403656 11.353387 -0.597628 -6.072210 146124.183477
7.403656 11.353387 -0.597628 -6.072210 146124.183477
7.403656 11.353387 -0.597628 -6.072210 146124.183477
7.383896 11.235749 -0.630836 -6.070681 146117.250312
7.515541 11.263342 -0.686153 -6.008280 146117.865682
7.515541 11.263342 -0.686153 -6.008280 146117.865682
7.515541 11.263342 -0.686153 -6.008280 146117.865682
7.515541 11.263342 -0.686153 -6.008280 146117.865682
7.402036 11.173812 -0.657841 -5.930932 146117.767409
7.402036 11.173812 -0.657841 -5.930932 146117.767409
7.317343 10.995744 -0.610993 -5.956312 146114.552072
7.317343 10.995744 -0.610993 -5.956312 146114.552072
7.317343 10.995744 -0.610993 -5.956312 146114.552072
7.317343 10.995744 -0.610993 -5.956312 146114.552072
7.334273 10.966165 -0.625410 -6.001034 146114.821424
7.269457 10.976039 -0.745209 -5.934917 146106.495534
7.269457 10.976039 -0.745209 -5.934917 146106.495534
7.381894 10.764691 -0.867549 -6.024716 146082.334257
7.381894 10.764691 -0.867549 -6.024716 146082.334257
7.381894 10.764691 -0.867549 -6.024716 146082.334257
7.381894 10.764691 -0.867549 -6.024716 146082.334257
7.381894 10.764691 -0.867549 -6.024716 146082.334257
7.381894 10.764691 -0.867549 -6.024716 146082.334257
7.381894 10.764691 -0.867549 -6.024716 146082.334257
7.381894 10.764691 -0.867549 -6.024716 146082.334257
7.381894 10.764691 -0.867549 -6.024716 146082.334257
7.240929 10.629861 -0.902886 -6.071317 146070.083129
7.240929 10.629861 -0.902886 -6.071317 146070.083129
7.240929 10.629861 -0.902886 -6.071317 146070.083129
7.240929 10.629861 -0.902886 -6.071317 146070.083129
7.240929 10.629861 -0.902886 -6.071317 146070.083129
7.240929 10.629861 -0.902886 -6.071317 146070.083129
7.240929 10.629861 -0.902886 -6.071317 146070.083129
7.240929 10.629861 -0.902886 -6.071317 146070.083129
7.267414 10.575205 -0.915840 -6.096449 146066.043938
7.267414 10.575205 -0.915840 -6.096449 146066.043938
7.267414 10.575205 -0.915840 -6.096449 146066.043938
7.267414 10.575205 -0.915840 -6.096449 146066.043938
7.267414 10.575205 -0.915840 -6.096449 146066.043938
7.267414 10.575205 -0.915840 -6.096449 146066.043938
7.267414 10.575205 -0.915840 -6.096449 146066.043938
7.267414 10.575205 -0.915840 -6.096449 146066.043938
7.267414 10.575205 -0.915840 -6.096449 146066.043938
7.267414 10.575205 -0.915840 -6.096449 146066.043938
7.267414 10.575205 -0.915840 -6.096449 146066.043938
7.097463 10.580905 -1.012956 -6.249921 146059.728786
7.097463 10.580905 -1.012956 -6.249921 146059.728786
7.097463 10.580905 -1.012956 -6.249921 146059.728786
7.097463 10.580905 -1.012956 -6.249921 146059.728786
7.197040 10.587698 -1.031286 -6.311290 146060.183637
7.197040 10.587698 -1.031286 -6.311290 146060.183637
6.989775 10.596214 -1.129769 -6.328829 146056.074516
6.989775 10.596214 -1.129769 -6.328829 146056.074516
6.932771 10.604851 -1.070401 -6.346671 146057.828069
6.932771 10.604851 -1.070401 -6.346671 146057.828069
6.932771 10.604851 -1.070401 -6.346671 146057.828069
6.932771 10.604851 -1.070401 -6.346671 146057.828069
6.932771 10.604851 -1.070401 -6.346671 146057.828069
6.932771 10.604851 -1.070401 -6.346671 146057.828069
6.932771 10.604851 -1.070401 -6.346671 146057.828069
7.004558 10.519703 -1.187479 -6.328672 146051.252779
7.054150 10.589330 -1.219424 -6.483118 146046.158574
7.054150 10.589330 -1.219424 -6.483118 146046.158574
7.054150 10.589330 -1.219424 -6.483118 146046.158574
7.100391 10.441461 -1.168058 -6.434917 146048.817665
7.012031 10.506516 -1.220034 -6.422088 146042.495193
7.234526 10.419696 -1.281597 -6.471410 146031.092736
7.234526 10.419696 -1.281597 -6.471410 146031.092736
7.234526 10.419696 -1.281597 -6.471410 146031.092736
7.234526 10.419696 -1.281597 -6.471410 146031.092736
7.234526 10.419696 -1.281597 -6.471410 146031.092736
7.234526 10.419696 -1.281597 -6.471410 146031.092736
7.291797 10.398985 -1.276158 -6.428881 146028.997315
7.291797 10.398985 -1.276158 -6.428881 146028.997315
7.291797 10.398985 -1.276158 -6.428881 146028.997315
7.291797 10.398985 -1.276158 -6.428881 146028.997315
7.291797 10.398985 -1.276158 -6.428881 146028.997315
7.291797 10.398985 -1.276158 -6.428881 146028.997315
7.405337 10.246619 -1.340575 -6.342304 146014.920504
7.405337 10.246619 -1.340575 -6.342304 146014.920504
7.405337 10.246619 -1.340575 -6.342304 146014.920504
7.405337 10.246619 -1.340575 -6.342304 146014.920504
7.405337 10.246619 -1.340575 -6.342304 146014.920504
7.405337 10.246619 -1.340575 -6.342304 146014.920504
7.445133 10.150439 -1.299657 -6.327664 146012.627224
7.445133 10.150439 -1.299657 -6.327664 146012.627224
7.445133 10.150439 -1.299657 -6.327664 146012.627224
7.445133 10.150439 -1.299657 -6.327664 146012.627224
7.445133 10.150439 -1.299657 -6.327664 146012.627224
7.445133 10.150439 -1.299657 -6.327664 146012.627224
7.352405 10.115425 -1.330925 -6.283885 146005.826320
7.352405 10.115425 -1.330925 -6.283885 146005.826320
7.352405 10.115425 -1.330925 -6.283885 146005.826320
7.352405 10.115425 -1.330925 -6.283885 146005.826320
7.349072 9.998703 -1.318529 -6.243349 146000.449977
7.289969 9.881435 -1.317579 -6.142283 145991.337836
7.289969 9.881435 -1.317579 -6.142283 145991.337836
7.289969 9.881435 -1.317579 -6.142283 145991.337836
7.289969 9.881435 -1.317579 -6.142283 145991.337836
7.250992 9.766932 -1.459754 -6.169843 145970.673410
7.250992 9.766932 -1.459754 -6.169843 145970.673410
7.129832 9.697870 -1.555459 -6.153373 145973.433778
7.129832 9.697870 -1.555459 -6.153373 145973.433778
7.129832 9.697870 -1.555459 -6.153373 145973.433778
7.129832 9.697870 -1.555459 -6.153373 145973.433778
7.129832 9.697870 -1.555459 -6.153373 145973.433778
6.991909 9.586894 -1.423882 -6.051377 145962.648680
7.060095 9.592527 -1.574819 -6.176888 145947.245363
7.215207 9.379414 -1.633815 -6.227447 145938.178265
7.201934 9.368746 -1.772121 -6.161453 145900.338888
7.201934 9.368746 -1.772121 -6.161453 145900.338888
7.201934 9.368746 -1.772121 -6.161453 145900.338888
7.201934 9.368746 -1.772121 -6.161453 145900.338888
7.201934 9.368746 -1.772121 -6.161453 145900.338888
7.201934 9.368746 -1.772121 -6.161453 145900.338888
7.201934 9.368746 -1.772121 -6.161453 145900.338888
7.201934 9.368746 -1.772121 -6.161453 145900.338888
7.201934 9.368746 -1.772121 -6.161453 145900.338888
7.201934 9.368746 -1.772121 -6.161453 145900.338888
7.201934 9.368746 -1.772121 -6.161453 145900.338888
7.201934 9.368746 -1.772121 -6.161453 145900.338888
7.201934 9.368746 -1.772121 -6.161453 145900.338888
7.243850 9.192208 -1.691754 -6.044157 145883.515415
6.990028 9.229531 -1.802227 -6.208245 145881.486289
6.990028 9.229531 -1.802227 -6.208245 145881.486289
6.990028 9.229531 -1.802227 -6.208245 145881.486289
6.990028 9.229531 -1.802227 -6.208245 145881.486289
7.098221 9.136862 -1.882001 -6.151411 145850.380581
7.217433 9.124273 -1.972071 -6.259087 145840.839984
7.217433 9.124273 -1.972071 -6.259087 145840.839984
7.258741 9.084791 -1.976047 -6.103116 145833.696979
7.258741 9.084791 -1.976047 -6.103116 145833.696979
7.258741 9.084791 -1.976047 -6.103116 145833.696979
7.235359 8.941689 -2.011817 -6.164047 145810.587649
7.242137 8.882088 -2.095746 -6.041127 145781.144796
7.242137 8.882088 -2.095746 -6.041127 145781.144796
7.242137 8.882088 -2.095746 -6.041127 145781.144796
7.299422 8.821427 -2.146216 -6.090218 145742.760522
7.342039 8.615184 -2.370496 -6.192489 145731.814411
7.342039 8.615184 -2.370496 -6.192489 145731.814411
7.436625 8.513580 -2.285587 -6.351787 132083.912988
7.436625 8.513580 -2.285587 -6.351787 132083.912988
7.550848 8.607018 -2.287787 -6.441030 124132.177234
7.571440 8.638715 -2.200578 -6.487682 115389.151438
7.553304 8.586176 -2.142844 -6.535333 111057.154226
7.553304 8.586176 -2.142844 -6.535333 111057.154226
7.553304 8.586176 -2.142844 -6.535333 111057.154226
7.553304 8.586176 -2.142844 -6.535333 111057.154226
7.553304 8.586176 -2.142844 -6.535333 111057.154226
7.553304 8.586176 -2.142844 -6.535333 111057.154226
7.553304 8.586176 -2.142844 -6.535333 111057.154226
7.553304 8.586176 -2.142844 -6.535333 111057.154226
7.553304 8.586176 -2.142844 -6.535333 111057.154226
7.553304 8.586176 -2.142844 -6.535333 111057.154226
7.553304 8.586176 -2.142844 -6.535333 111057.154226
7.553304 8.586176 -2.142844 -6.535333 111057.154226
7.670577 8.555552 -2.253999 -6.454141 109938.837642
7.670577 8.555552 -2.253999 -6.454141 109938.837642
7.670577 8.555552 -2.253999 -6.454141 109938.837642
7.670577 8.555552 -2.253999 -6.454141 109938.837642
7.602230 8.586753 -2.262020 -6.497053 109789.064359
7.602230 8.586753 -2.262020 -6.497053 109789.064359
7.602230 8.586753 -2.262020 -6.497053 109789.064359
7.602230 8.586753 -2.262020 -6.497053 109789.064359
7.602230 8.586753 -2.262020 -6.497053 109789.064359
7.602230 8.586753 -2.262020 -6.497053 109789.064359
7.602230 8.586753 -2.262020 -6.497053 109789.064359
7.602230 8.586753 -2.262020 -6.497053 109789.064359
7.602230 8.586753 -2.262020 -6.497053 109789.064359
7.602230 8.586753 -2.262020 -6.497053 109789.064359
7.602230 8.586753 -2.262020 -6.497053 109789.064359
7.485521 8.533318 -2.281400 -6.480425 109630.006490
7.485521 8.533318 -2.281400 -6.480425 109630.006490
7.485521 8.533318 -2.281400 -6.480425 109630.006490
7.485521 8.533318 -2.281400 -6.480425 109630.006490
7.485521 8.533318 -2.281400 -6.480425 109630.006490
7.485521 8.533318 -2.281400 -6.480425 109630.006490
7.485521 8.533318 -2.281400 -6.480425 109630.006490
7.485521 8.533318 -2.281400 -6.480425 109630.006490
7.485521 8.533318 -2.281400 -6.480425 109630.006490
7.342130 8.538215 -2.377663 -6.594635 109265.380687
7.342130 8.538215 -2.377663 -6.594635 109265.380687
7.342130 8.538215 -2.377663 -6.594635 109265.380687
7.342130 8.538215 -2.377663 -6.594635 109265.380687
7.342130 8.538215 -2.377663 -6.594635 109265.380687
7.342130 8.538215 -2.377663 -6.594635 109265.380687
7.243115 8.429514 -2.405543 -6.535077 108595.018117
7.243115 8.429514 -2.405543 -6.535077 108595.018117
7.243115 8.429514 -2.405543 -6.535077 108595.018117
7.243115 8.429514 -2.405543 -6.535077 108595.018117
7.243115 8.429514 -2.405543 -6.535077 108595.018117
7.328829 8.525035 -2.234396 -6.543428 108252.292130
7.289456 8.466510 -2.178502 -6.496829 108131.482820
7.289456 8.466510 -2.178502 -6.496829 108131.482820
7.289456 8.466510 -2.178502 -6.496829 108131.482820
7.289456 8.466510 -2.178502 -6.496829 108131.482820
7.289456 8.466510 -2.178502 -6.496829 108131.482820
7.289456 8.466510 -2.178502 -6.496829 108131.482820
7.289456 8.466510 -2.178502 -6.496829 108131.482820
7.289456 8.466510 -2.178502 -6.496829 108131.482820
7.289456 8.466510 -2.178502 -6.496829 108131.482820
7.289456 8.466510 -2.178502 -6.496829 108131.482820
7.289456 8.466510 -2.178502 -6.496829 108131.482820
7.289456 8.466510 -2.178502 -6.496829 108131.482820
7.289456 8.466510 -2.178502 -6.496829 108131.482820
7.114880 8.509237 -2.059598 -6.556070 107077.569142
7.114880 8.509237 -2.059598 -6.556070 107077.569142
7.114880 8.509237 -2.059598 -6.556070 107077.569142
7.114880 8.509237 -2.059598 -6.556070 107077.569142
7.114880 8.509237 -2.059598 -6.556070 107077.569142
7.114880 8.509237 -2.059598 -6.556070 107077.569142
7.114880 8.509237 -2.059598 -6.556070 107077.569142
7.114880 8.509237 -2.059598 -6.556070 107077.569142
7.114880 8.509237 -2.059598 -6.556070 107077.569142
7.114880 8.509237 -2.059598 -6.556070 107077.569142
7.114880 8.509237 -2.059598 -6.556070 107077.569142
7.114880 8.509237 -2.059598 -6.556070 107077.569142
7.114880 8.509237 -2.059598 -6.556070 107077.569142
7.114880 8.509237 -2.059598 -6.556070 107077.569142
7.114880 8.509237 -2.059598 -6.556070 107077.569142
7.114880 8.509237 -2.059598 -6.556070 107077.569142
7.114880 8.509237 -2.059598 -6.556070 107077.569142
7.114880 8.509237 -2.059598 -6.556070 107077.569142
7.095196 8.515230 -2.185082 -6.583385 106906.450071
7.095196 8.515230 -2.185082 -6.583385 106906.450071
7.095196 8.515230 -2.185082 -6.583385 106906.450071
7.095196 8.515230 -2.185082 -6.583385 106906.450071
7.058372 8.441952 -2.280171 -6.558212 106752.562231
7.058372 8.441952 -2.280171 -6.558212 106752.562231
7.058372 8.441952 -2.280171 -6.558212 106752.562231
7.058372 8.441952 -2.280171 -6.558212 106752.562231
7.058372 8.441952 -2.280171 -6.558212 106752.562231
7.058372 8.441952 -2.280171 -6.558212 106752.562231
7.058372 8.441952 -2.280171 -6.558212 106752.562231
7.058372 8.441952 -2.280171 -6.558212 106752.562231
7.058372 8.441952 -2.280171 -6.558212 106752.562231
7.058372 8.441952 -2.280171 -6.558212 106752.562231
7.058372 8.441952 -2.280171 -6.558212 106752.562231
7.058372 8.441952 -2.280171 -6.558212 106752.562231
7.058372 8.441952 -2.280171 -6.558212 106752.562231
7.058372 8.441952 -2.280171 -6.558212 106752.562231
7.058372 8.441952 -2.280171 -6.558212 106752.562231
7.058372 8.441952 -2.280171 -6.558212 106752.562231
7.058372 8.441952 -2.280171 -6.558212 106752.562231
7.058372 8.441952 -2.280171 -6.558212 106752.562231
7.058372 8.441952 -2.280171 -6.558212 106752.562231
7.058372 8.441952 -2.280171 -6.558212 106752.562231
7.058372 8.441952 -2.280171 -6.558212 106752.562231
7.058372 8.441952 -2.280171 -6.558212 106752.562231
7.058372 8.441952 -2.280171 -6.558212 106752.562231
7.058372 8.441952 -2.280171 -6.558212 106752.562231
7.058372 8.441952 -2.280171 -6.558212 106752.562231
7.058372 8.441952 -2.280171 -6.558212 106752.562231
7.058372 8.441952 -2.280171 -6.558212 106752.562231
7.058372 8.441952 -2.280171 -6.558212 106752.562231
7.058372 8.441952 -2.280171 -6.558212 106752.562231
7.058372 8.441952 -2.280171 -6.558212 106752.562231
7.058372 8.441952 -2.280171 -6.558212 106752.562231
7.058372 8.441952 -2.280171 -6.558212 106752.562231
7.058372 8.441952 -2.280171 -6.558212 106752.562231
7.058372 8.441952 -2.280171 -6.558212 106752.562231
7.058372 8.441952 -2.280171 -6.558212 106752.562231
7.058372 8.441952 -2.280171 -6.558212 106752.562231
7.058372 8.441952 -2.280171 -6.558212 106752.562231
7.058372 8.441952 -2.280171 -6.558212 106752.562231
7.058372 8.441952 -2.280171 -6.558212 106752.562231
7.058372 8.441952 -2.280171 -6.558212 106752.562231
7.058372 8.441952 -2.280171 -6.558212 106752.562231
7.058372 8.441952 -2.280171 -6.558212 106752.562231
7.058372 8.441952 -2.280171 -6.558212 106752.562231
7.058372 8.441952 -2.280171 -6.558212 106752.562231
7.058372 8.441952 -2.280171 -6.558212 106752.562231
7.058372 8.441952 -2.280171 -6.558212 106752.562231
7.058372 8.441952 -2.280171 -6.558212 106752.562231
7.058372 8.441952 -2.280171 -6.558212 106752.562231
7.058372 8.441952 -2.280171 -6.558212 106752.562231
7.058372 8.441952 -2.280171 -6.558212 106752.562231
7.058372 8.441952 -2.280171 -6.558212 106752.562231
7.058372 8.441952 -2.280171 -6.558212 106752.562231
7.058372 8.441952 -2.280171 -6.558212 106752.562231
7.058372 8.441952 -2.280171 -6.558212 106752.562231
7.058372 8.441952 -2.280171 -6.558212 106752.562231
7.058372 8.441952 -2.280171 -6.558212 106752.562231
7.058372 8.441952 -2.280171 -6.558212 106752.562231
7.058372 8.441952 -2.280171 -6.558212 106752.562231
7.058372 8.441952 -2.280171 -6.558212 106752.562231
7.058372 8.441952 -2.280171 -6.558212 106752.562231
7.058372 8.441952 -2.280171 -6.558212 106752.562231
7.058372 8.441952 -2.280171 -6.558212 106752.562231
7.058372 8.441952 -2.280171 -6.558212 106752.562231
7.058372 8.441952 -2.280171 -6.558212 106752.562231
7.058372 8.441952 -2.280171 -6.558212 106752.562231
7.058372 8.441952 -2.280171 -6.558212 106752.562231
7.058372 8.441952 -2.280171 -6.558212 106752.562231
7.058372 8.441952 -2.280171 -6.558212 106752.562231
7.058372 8.441952 -2.280171 -6.558212 106752.562231
7.058372 8.441952 -2.280171 -6.558212 106752.562231
7.058372 8.441952 -2.280171 -6.558212 106752.562231
7.058372 8.441952 -2.280171 -6.558212 106752.562231
7.058372 8.441952 -2.280171 -6.558212 106752.562231
7.058372 8.441952 -2.280171 -6.558212 106752.562231
7.058372 8.441952 -2.280171 -6.558212 106752.562231
7.058372 8.441952 -2.280171 -6.558212 106752.562231
